0 0.6435309147447497 0.1172913770904859 0.25668817051050075 0.2345827541809718
0 0.4426710996158872 0.1332180427436804 0.24533459068231736 0.2664360854873608
0 0.26214371664462893 0.238911803952222 0.2577460594746529 0.3025119766329863
0 0.8340220386708964 0.24042683178454788 0.2647330438708206 0.3167199469977085
0 0.6112053363869042 0.26355977973218697 0.27435370533620984 0.3216256525447919
0 0.4414450350528517 0.34632099439732605 0.2672848337849123 0.30585518218006963
0 0.21059010346107443 0.46327667752732615 0.27122870533620985 0.3215529173624308
0 0.12468133819592649 0.6335365857717014 0.24936267639185297 0.36105182845659733
0 0.3806801961795567 0.5677790735195136 0.3058427227490645 0.35669163677722243
0 0.5824783915661438 0.5139234556439926 0.2863557383528967 0.34219272568305587
0 0.7874358864777612 0.4295627201772909 0.29959272274906434 0.35654616641250025
0 0.759776796699955 0.6744394622935064 0.31973480438627033 0.38354507750666683
0 0.5451986403229484 0.7637059033072913 0.3165212731786058 0.4115609747331252
0 0.3036352600652236 0.8021008285535066 0.3120860786965297 0.3864882395507642