6 0.24140625 0.5921875 0.146875 0.23046875
6 0.371875 0.53515625 0.1734375 0.17578125
6 0.5359375 0.51171875 0.1421875 0.19921875
6 0.678125 0.5546875 0.125 0.19921875
6 0.7765625 0.640625 0.084375 0.203125
2 0.24921875 0.42890625 0.05625 0.021875
2 0.3640625 0.40234375 0.06875 0.0234375
0 0.0875 0.92109375 0.0390625 0.05625
0 0.1359375 0.9046875 0.0484375 0.05078125
0 0.2359375 0.90625 0.05078125 0.04296875
0 0.28515625 0.88984375 0.046875 0.0375
0 0.39140625 0.89921875 0.0484375 0.0296875
0 0.4234375 0.88671875 0.05078125 0.03515625
0 0.53046875 0.83125 0.0484375 0.1265625
0 0.57421875 0.821875 0.05078125 0.14453125
0 0.665625 0.8234375 0.03125 0.13125
0 0.7015625 0.828125 0.03125 0.12890625
0 0.7703125 0.828125 0.0375 0.09375
0 0.80078125 0.828125 0.04296875 0.10546875
0 0.87421875 0.85859375 0.0609375 0.0453125
0 0.92578125 0.87421875 0.078125 0.0375