2 0.12734375 0.50703125 0.025 0.009375
2 0.2828125 0.47265625 0.02109375 0.01484375
2 0.3734375 0.48359375 0.02265625 0.01171875
6 0.5109375 0.5203125 0.0671875 0.0734375
2 0.496875 0.47109375 0.01875 0.00859375
2 0.62265625 0.4546875 0.01953125 0.0078125
6 0.67109375 0.521875 0.0421875 0.08984375
2 0.671875 0.45859375 0.01953125 0.009375
2 0.753125 0.48125 0.01953125 0.01015625
2 0.78671875 0.5609375 0.0234375 0.0109375
6 0.12734375 0.58125 0.06875 0.0953125
3 0.13828125 0.5921875 0.028125 0.01953125
3 0.184375 0.534375 0.01640625 0.0234375
6 0.2875 0.54609375 0.03828125 0.0796875
3 0.28359375 0.54609375 0.01640625 0.0203125
3 0.309375 0.5359375 0.01953125 0.02109375
6 0.45546875 0.53125 0.05078125 0.08984375
3 0.4390625 0.5484375 0.01953125 0.01640625
3 0.6046875 0.575 0.0171875 0.0234375
3 0.6359375 0.57734375 0.01015625 0.02578125
3 0.6984375 0.57578125 0.0140625 0.028125
6 0.7875 0.6328125 0.053125 0.10546875
3 0.76640625 0.5890625 0.0140625 0.021875
3 0.7796875 0.6375 0.0171875 0.01953125
3 0.80625 0.6109375 0.0140625 0.0203125
6 0.37109375 0.5453125 0.05625 0.09375
6 0.6203125 0.5203125 0.0484375 0.09140625
6 0.7515625 0.53984375 0.03984375 0.084375
0 0.78125 0.71484375 0.021875 0.0296875
0 0.82421875 0.72265625 0.025 0.04296875
0 0.6734375 0.68828125 0.0125 0.02734375
0 0.7046875 0.69375 0.0265625 0.028125
0 0.1015625 0.7578125 0.02421875 0.02734375
0 0.190625 0.7390625 0.03515625 0.02265625
0 0.265625 0.71953125 0.015625 0.021875
0 0.3 0.71796875 0.0203125 0.02734375
0 0.3625 0.71796875 0.015625 0.0234375
0 0.39140625 0.70078125 0.0265625 0.0234375