2 0.12734375 0.49296875 0.025 0.009375
2 0.2828125 0.52734375 0.02109375 0.01484375
2 0.3734375 0.51640625 0.02265625 0.01171875
6 0.5109375 0.4796875 0.0671875 0.0734375
2 0.496875 0.52890625 0.01875 0.00859375
2 0.62265625 0.5453125 0.01953125 0.0078125
6 0.67109375 0.478125 0.0421875 0.08984375
2 0.671875 0.54140625 0.01953125 0.009375
2 0.753125 0.51875 0.01953125 0.01015625
2 0.78671875 0.4390625 0.0234375 0.0109375
6 0.12734375 0.41875 0.06875 0.0953125
3 0.13828125 0.4078125 0.028125 0.01953125
3 0.184375 0.465625 0.01640625 0.0234375
6 0.2875 0.45390625 0.03828125 0.0796875
3 0.28359375 0.45390625 0.01640625 0.0203125
3 0.309375 0.4640625 0.01953125 0.02109375
6 0.45546875 0.46875 0.05078125 0.08984375
3 0.4390625 0.4515625 0.01953125 0.01640625
3 0.6046875 0.425 0.0171875 0.0234375
3 0.6359375 0.42265625 0.01015625 0.02578125
3 0.6984375 0.42421875 0.0140625 0.028125
6 0.7875 0.3671875 0.053125 0.10546875
3 0.76640625 0.4109375 0.0140625 0.021875
3 0.7796875 0.3625 0.0171875 0.01953125
3 0.80625 0.3890625 0.0140625 0.0203125
6 0.37109375 0.4546875 0.05625 0.09375
6 0.6203125 0.4796875 0.0484375 0.09140625
6 0.7515625 0.46015625 0.03984375 0.084375
0 0.78125 0.28515625 0.021875 0.0296875
0 0.82421875 0.27734375 0.025 0.04296875
0 0.6734375 0.31171875 0.0125 0.02734375
0 0.7046875 0.30625 0.0265625 0.028125
0 0.1015625 0.2421875 0.02421875 0.02734375
0 0.190625 0.2609375 0.03515625 0.02265625
0 0.265625 0.28046875 0.015625 0.021875
0 0.3 0.28203125 0.0203125 0.02734375
0 0.3625 0.28203125 0.015625 0.0234375
0 0.39140625 0.29921875 0.0265625 0.0234375