4 0.16171875 0.22421875 0.1203125 0.109375
4 0.3875 0.36640625 0.0984375 0.0875
4 0.55078125 0.46484375 0.08359375 0.0765625
4 0.665625 0.3578125 0.0796875 0.09296875
4 0.765625 0.4046875 0.06875 0.0765625
4 0.84921875 0.45078125 0.06171875 0.04921875
1 0.1546875 0.4234375 0.04765625 0.08203125
1 0.20390625 0.42890625 0.02890625 0.08203125
6 0.3984375 0.70703125 0.175 0.36953125
6 0.5796875 0.76875 0.1625 0.34140625
6 0.7640625 0.6515625 0.09921875 0.3046875
6 0.8453125 0.69375 0.096875 0.296875