4 0.16171875 0.77578125 0.1203125 0.109375
4 0.3875 0.63359375 0.0984375 0.0875
4 0.55078125 0.53515625 0.08359375 0.0765625
4 0.665625 0.6421875 0.0796875 0.09296875
4 0.765625 0.5953125 0.06875 0.0765625
4 0.84921875 0.54921875 0.06171875 0.04921875
1 0.1546875 0.5765625 0.04765625 0.08203125
1 0.20390625 0.57109375 0.02890625 0.08203125
6 0.3984375 0.29296875 0.175 0.36953125
6 0.5796875 0.23125 0.1625 0.34140625
6 0.7640625 0.3484375 0.09921875 0.3046875
6 0.8453125 0.30625 0.096875 0.296875