3 0.05078125 0.3234375 0.0640625 0.10625
3 0.09921875 0.50078125 0.0796875 0.1140625
3 0.30703125 0.65546875 0.0921875 0.1609375
3 0.4171875 0.5171875 0.075 0.115625
3 0.7 0.42734375 0.046875 0.0953125
3 0.740625 0.515625 0.06875 0.065625
3 0.85234375 0.32734375 0.0421875 0.0515625
3 0.90390625 0.4890625 0.0484375 0.059375
0 0.09609375 0.884375 0.1046875 0.134375
0 0.1625 0.92578125 0.084375 0.1484375
0 0.27109375 0.92265625 0.0953125 0.1546875
0 0.45234375 0.9046875 0.0828125 0.140625
0 0.62734375 0.7765625 0.0578125 0.1125
0 0.69296875 0.76875 0.0890625 0.08125
0 0.8125 0.65859375 0.05625 0.0796875
0 0.8609375 0.6515625 0.065625 0.06875
2 0.87890625 0.29921875 0.04375 0.0234375
2 0.0984375 0.1390625 0.1125 0.0578125