6 0.8609375 0.503125 0.1578125 0.2171875
6 0.1109375 0.503125 0.15 0.24375
6 0.38984375 0.446875 0.1921875 0.2875
6 0.625 0.384375 0.1765625 0.309375
2 0.4015625 0.665625 0.05625 0.028125
3 0.31484375 0.24765625 0.071875 0.075
3 0.1875 0.36328125 0.05 0.0640625
3 0.484375 0.3109375 0.0421875 0.0703125
3 0.78984375 0.36796875 0.0484375 0.059375
3 0.9484375 0.38359375 0.04375 0.0578125
0 0.92109375 0.1421875 0.06875 0.0578125
0 0.85 0.1453125 0.0671875 0.0546875
2 0.86484375 0.65625 0.0484375 0.01875