6 0.72109375 0.44453125 0.07578125 0.12578125
6 0.60703125 0.47265625 0.10078125 0.13046875
4 0.709375 0.353125 0.03046875 0.040625
6 0.85859375 0.453125 0.0671875 0.15625
6 0.40859375 0.471875 0.07578125 0.071875
4 0.8984375 0.353125 0.0359375 0.04375
4 0.3640625 0.43125 0.028125 0.05078125
0 0.40859375 0.6359375 0.02109375 0.07109375
0 0.4375 0.6296875 0.028125 0.07421875
0 0.61328125 0.66796875 0.04921875 0.096875
0 0.815625 0.65546875 0.04296875 0.0890625
4 0.55703125 0.3765625 0.04765625 0.05703125