6 0.41796875 0.5421875 0.153125 0.1
6 0.55625 0.0296875 0.034375 0.0203125
6 0.52265625 0.1265625 0.034375 0.0078125
6 0.53203125 0.2375 0.0296875 0.015625
6 0.54296875 0.2703125 0.0296875 0.0203125
6 0.52421875 0.375 0.0375 0.015625
3 0.5546875 0.34609375 0.0375 0.021875
6 0.55078125 0.43125 0.0375 0.0171875
6 0.5453125 0.4921875 0.040625 0.0203125
6 0.5359375 0.65234375 0.0375 0.015625
6 0.55078125 0.6953125 0.0296875 0.009375
6 0.52421875 0.7359375 0.0296875 0.0125
6 0.66640625 0.87109375 0.021875 0.0171875
6 0.5453125 0.9375 0.0265625 0.009375
3 0.5484375 0.8859375 0.034375 0.0171875
6 0.6046875 0.8890625 0.0265625 0.0171875
