3 0.71875 0.0421875 0.059375 0.0203125
6 0.728125 0.09609375 0.071875 0.0421875
6 0.696875 0.1734375 0.0453125 0.0171875
6 0.753125 0.26015625 0.059375 0.040625
3 0.565625 0.325 0.0453125 0.025
6 0.58203125 0.35234375 0.0484375 0.034375
3 0.5953125 0.3953125 0.0375 0.0296875
3 0.66328125 0.36875 0.053125 0.0328125
6 0.6984375 0.32109375 0.0484375 0.0375
6 0.67421875 0.4140625 0.059375 0.0375
6 0.6234375 0.4546875 0.0625 0.034375
6 0.59140625 0.54765625 0.0453125 0.0296875
6 0.6984375 0.50234375 0.0625 0.040625
6 0.771875 0.5265625 0.075 0.0421875
6 0.58046875 0.5984375 0.059375 0.0375
3 0.9609375 0.5734375 0.071875 0.046875
6 0.4828125 0.56640625 0.0375 0.028125
6 0.44765625 0.5109375 0.040625 0.021875
6 0.4890625 0.61484375 0.040625 0.025
6 0.41171875 0.72734375 0.0375 0.025
6 0.4234375 0.7859375 0.0296875 0.0171875
6 0.5 0.9046875 0.034375 0.025
