6 0.6671875 0.65546875 0.1203125 0.18828125
6 0.8015625 0.55625 0.1328125 0.1953125
6 0.93984375 0.45234375 0.06015625 0.103125
6 0.8265625 0.25546875 0.0671875 0.0859375
6 0.92890625 0.21953125 0.0328125 0.06875
6 0.68515625 0.3609375 0.0796875 0.11328125
6 0.6296875 0.1953125 0.0453125 0.075
6 0.5609375 0.4484375 0.07265625 0.109375
6 0.36640625 0.45390625 0.07265625 0.11953125
6 0.5078125 0.3609375 0.06015625 0.07890625
6 0.25 0.41796875 0.06015625 0.075
6 0.11640625 0.52421875 0.07265625 0.11640625
6 0.05 0.378125 0.0546875 0.07890625
6 0.2390625 0.22109375 0.0578125 0.071875
6 0.35625 0.16796875 0.05234375 0.075
6 0.47734375 0.215625 0.0296875 0.0546875
6 0.53125 0.253125 0.0328125 0.06171875
6 0.14140625 0.17109375 0.0578125 0.075
