6 0.12734375 0.20703125 0.03984375 0.07109375
6 0.2453125 0.2203125 0.05 0.075
6 0.3375 0.240625 0.03984375 0.05625
6 0.43125 0.1234375 0.0578125 0.096875
6 0.4859375 0.16953125 0.0328125 0.0484375
6 0.56015625 0.17890625 0.05 0.075
6 0.6296875 0.36953125 0.0453125 0.075
6 0.68515625 0.153125 0.05 0.075
6 0.76875 0.2109375 0.04765625 0.078125
6 0.8359375 0.2296875 0.0328125 0.05625
6 0.87890625 0.23125 0.0421875 0.059375
6 0.90234375 0.18125 0.025 0.04140625
6 0.97265625 0.15703125 0.05 0.08203125
