6 0.3 0.9109375 0.090625 0.0578125
3 0.3578125 0.75859375 0.071875 0.046875
6 0.26796875 0.65625 0.0859375 0.053125
6 0.68203125 0.63359375 0.19375 0.103125
6 0.4734375 0.5921875 0.13125 0.084375
6 0.2546875 0.4671875 0.059375 0.0296875
6 0.4328125 0.38515625 0.153125 0.090625
3 0.20390625 0.32734375 0.071875 0.034375
6 0.303125 0.3046875 0.075 0.0453125
6 0.44765625 0.22890625 0.09375 0.0578125
6 0.27890625 0.2078125 0.078125 0.05
6 0.52421875 0.10859375 0.165625 0.1171875
6 0.209375 0.07109375 0.059375 0.0375
6 0.21328125 0.12734375 0.0671875 0.040625
6 0.60859375 0.97265625 0.115625 0.0546875
