6 0.95625 0.58984375 0.071875 0.10625
6 0.9171875 0.428125 0.034375 0.05625
6 0.88359375 0.39296875 0.021875 0.040625
6 0.8046875 0.428125 0.034375 0.04375
6 0.7671875 0.36171875 0.025 0.04375
6 0.8296875 0.3484375 0.0203125 0.0296875
6 0.71484375 0.5296875 0.1046875 0.165625
6 0.5984375 0.38828125 0.021875 0.0296875
6 0.7125 0.353125 0.0203125 0.0265625
6 0.55859375 0.453125 0.0375 0.053125
6 0.45859375 0.44296875 0.0578125 0.0875
6 0.51015625 0.39140625 0.015625 0.0296875
6 0.55390625 0.38359375 0.0171875 0.0203125
6 0.4171875 0.353125 0.025 0.034375
6 0.3 0.39296875 0.025 0.0265625
6 0.25390625 0.44296875 0.021875 0.034375
6 0.1765625 0.446875 0.046875 0.065625
6 0.11015625 0.4 0.0203125 0.034375
6 0.0125 0.46484375 0.0203125 0.0625
6 0.33984375 0.36796875 0.009375 0.015625
6 0.3 0.34296875 0.015625 0.0203125
6 0.27109375 0.36171875 0.0125 0.015625
6 0.225 0.4 0.0203125 0.034375
6 0.03984375 0.38984375 0.0203125 0.034375
6 0.0171875 0.3703125 0.009375 0.0203125
