6 0.08125 0.23125 0.0875 0.15
6 0.165625 0.38828125 0.140625 0.2
6 0.4015625 0.36171875 0.071875 0.1
6 0.4359375 0.21171875 0.06640625 0.08203125
6 0.45703125 0.28984375 0.05859375 0.10859375
6 0.53203125 0.26328125 0.115625 0.16171875
6 0.6765625 0.26171875 0.06875 0.1
3 0.646875 0.1234375 0.046875 0.0703125
3 0.73828125 0.2015625 0.046875 0.0734375
6 0.8109375 0.2734375 0.0703125 0.11796875
6 0.8859375 0.44140625 0.1109375 0.153125
6 0.884375 0.23984375 0.0546875 0.0796875
6 0.85859375 0.11875 0.053125 0.0734375
