3 0.12265625 0.53203125 0.134375 0.2171875
6 0.43125 0.68515625 0.1328125 0.203125
6 0.5359375 0.7921875 0.071875 0.1609375
6 0.6671875 0.81796875 0.125 0.20625
6 0.81640625 0.75625 0.0921875 0.15625
6 0.65390625 0.4609375 0.0671875 0.11875
6 0.7203125 0.42109375 0.0703125 0.109375
6 0.50859375 0.3765625 0.046875 0.0859375
6 0.5609375 0.32421875 0.0578125 0.0859375
6 0.59609375 0.215625 0.0375 0.0625
6 0.68125 0.19453125 0.0375 0.059375
6 0.53359375 0.20234375 0.0375 0.059375
6 0.5796875 0.15390625 0.0296875 0.0453125
6 0.64765625 0.1421875 0.034375 0.0453125
6 0.73984375 0.13125 0.034375 0.0375
6 0.91484375 0.13125 0.025 0.0296875
