3 0.9 0.25546875 0.065625 0.109375
6 0.76640625 0.209375 0.0421875 0.06875
6 0.72890625 0.2109375 0.0328125 0.05
6 0.66015625 0.18984375 0.034375 0.0625
6 0.7890625 0.40859375 0.0671875 0.1046875
6 0.6890625 0.52734375 0.096875 0.1625
6 0.61015625 0.20546875 0.025 0.046875
6 0.5859375 0.240625 0.0328125 0.053125
6 0.51875 0.296875 0.046875 0.1046875
6 0.45390625 0.21484375 0.0328125 0.0734375
6 0.32890625 0.43203125 0.0875 0.1359375
6 0.12109375 0.8625 0.1625 0.24375
6 0.23125 0.28125 0.0578125 0.0890625
