6 0.9328125 0.92734375 0.0453125 0.025
6 0.94765625 0.85234375 0.0375 0.025
6 0.915625 0.68984375 0.05625 0.025
6 0.9703125 0.57109375 0.0453125 0.028125
6 0.79765625 0.93359375 0.053125 0.0328125
6 0.83125 0.85390625 0.0453125 0.0328125
6 0.8390625 0.7203125 0.053125 0.0296875
6 0.771875 0.69765625 0.0453125 0.0296875
6 0.69296875 0.75859375 0.0453125 0.0328125
6 0.7078125 0.92109375 0.053125 0.0375
6 0.63828125 0.96484375 0.05625 0.034375
6 0.58828125 0.8953125 0.0453125 0.0359375
6 0.5171875 0.89765625 0.059375 0.0296875
6 0.48515625 0.8359375 0.05625 0.0328125
6 0.40234375 0.82734375 0.0625 0.0453125
6 0.20234375 0.875 0.059375 0.0453125
6 0.0765625 0.85 0.071875 0.0453125
6 0.12890625 0.74765625 0.05625 0.0453125
6 0.4984375 0.67265625 0.053125 0.040625
6 0.6421875 0.65234375 0.0484375 0.0296875
6 0.18203125 0.62265625 0.071875 0.0453125
6 0.43828125 0.55859375 0.0671875 0.0375
6 0.90078125 0.4984375 0.034375 0.028125
6 0.84296875 0.475 0.0453125 0.0296875
6 0.8875 0.4109375 0.0453125 0.028125
6 0.79765625 0.4375 0.0453125 0.0296875
6 0.809375 0.34140625 0.0453125 0.0328125
6 0.74921875 0.3671875 0.059375 0.034375
6 0.59765625 0.40234375 0.05625 0.034375
6 0.5078125 0.45 0.0625 0.034375
6 0.2078125 0.28359375 0.071875 0.0421875
6 0.6234375 0.2296875 0.0625 0.034375
6 0.453125 0.2015625 0.059375 0.0375
6 0.9546875 0.2125 0.0375 0.0296875
6 0.9734375 0.1859375 0.0453125 0.021875
3 0.93828125 0.075 0.0484375 0.025
6 0.88359375 0.1609375 0.0375 0.0328125
6 0.65 0.04375 0.040625 0.0375
6 0.5078125 0.10234375 0.05625 0.034375
6 0.31484375 0.07890625 0.059375 0.0328125
6 0.2625 0.04765625 0.053125 0.05
