6 0.7015625 0.06484375 0.303125 0.1203125
3 0.0625 0.42265625 0.065625 0.040625
6 0.05703125 0.3203125 0.06875 0.059375
6 0.0203125 0.05234375 0.040625 0.0546875
6 0.171875 0.25625 0.08125 0.053125
6 0.1828125 0.3453125 0.103125 0.0703125
3 0.20703125 0.5875 0.06875 0.040625
3 0.26171875 0.55 0.084375 0.059375
6 0.14296875 0.6859375 0.0953125 0.0578125
6 0.19375 0.825 0.08125 0.0453125
6 0.478125 0.7765625 0.10625 0.0828125
6 0.353125 0.93125 0.084375 0.0625
6 0.415625 0.4953125 0.1125 0.0703125
