3 0.1359375 0.17109375 0.0671875 0.1109375
3 0.3421875 0.05078125 0.0296875 0.065625
3 0.4921875 0.07109375 0.034375 0.071875
6 0.53359375 0.11328125 0.053125 0.1109375
3 0.3828125 0.19296875 0.059375 0.09375
6 0.3609375 0.34921875 0.078125 0.146875
3 0.1984375 0.3640625 0.0625 0.071875
3 0.12109375 0.79765625 0.0671875 0.1203125
3 0.3078125 0.47578125 0.075 0.15
3 0.475 0.4359375 0.109375 0.1953125
3 0.6265625 0.21796875 0.0421875 0.0796875
6 0.6703125 0.253125 0.065625 0.125
6 0.8625 0.2640625 0.0953125 0.1734375
6 0.7140625 0.69296875 0.1171875 0.221875
