6 0.953125 0.12734375 0.021875 0.015625
6 0.80234375 0.0875 0.028125 0.0203125
3 0.7125 0.1390625 0.0359375 0.021875
6 0.63125 0.12890625 0.040625 0.028125
6 0.62421875 0.1765625 0.040625 0.0171875
6 0.51953125 0.01484375 0.040625 0.025
6 0.5375 0.0703125 0.03125 0.025
6 0.52734375 0.1296875 0.040625 0.0296875
3 0.4296875 0.1109375 0.040625 0.028125
6 0.296875 0.0734375 0.03125 0.028125
3 0.36875 0.15859375 0.040625 0.021875
6 0.98359375 0.3609375 0.025 0.0171875
6 0.94453125 0.3515625 0.03125 0.021875
6 0.90859375 0.31484375 0.025 0.015625
6 0.88125 0.3 0.028125 0.015625
6 0.85234375 0.26484375 0.028125 0.0203125
6 0.7625 0.24375 0.021875 0.0171875
3 0.7515625 0.2109375 0.021875 0.0171875
6 0.71796875 0.22109375 0.025 0.0171875
3 0.7125 0.26484375 0.028125 0.0203125
6 0.59921875 0.2625 0.03125 0.0203125
3 0.55 0.28359375 0.028125 0.0171875
3 0.4390625 0.2890625 0.04375 0.028125
6 0.38828125 0.26015625 0.04375 0.0296875
6 0.22265625 0.3234375 0.05 0.0328125
6 0.05234375 0.24375 0.053125 0.0375
6 0.98359375 0.45234375 0.01875 0.009375
6 0.94453125 0.4171875 0.025 0.015625
6 0.93203125 0.39140625 0.021875 0.0171875
3 0.8828125 0.4015625 0.025 0.0125
6 0.89375 0.4296875 0.03125 0.0203125
6 0.79296875 0.3234375 0.025 0.0171875
6 0.7953125 0.39609375 0.028125 0.0171875
3 0.7609375 0.3453125 0.03125 0.0203125
3 0.73046875 0.2984375 0.028125 0.0171875
6 0.70703125 0.36640625 0.03125 0.021875
6 0.63125 0.34140625 0.025 0.021875
6 0.67421875 0.45234375 0.03125 0.0203125
6 0.6296875 0.4203125 0.028125 0.025
6 0.53984375 0.3546875 0.0359375 0.0203125
6 0.56796875 0.43125 0.0359375 0.021875
6 0.37734375 0.375 0.04375 0.025
6 0.30234375 0.3796875 0.04375 0.025
6 0.28984375 0.40859375 0.046875 0.028125
6 0.06328125 0.4109375 0.053125 0.0375
6 0.20859375 0.4609375 0.0359375 0.0171875
6 0.41171875 0.46875 0.040625 0.028125
6 0.453125 0.45390625 0.028125 0.028125
6 0.93203125 0.4765625 0.021875 0.0125
6 0.96796875 0.54375 0.021875 0.0125
6 0.92265625 0.50859375 0.0109375 0.0125
6 0.89375 0.5390625 0.025 0.0171875
6 0.93671875 0.57265625 0.025 0.015625
6 0.859375 0.49609375 0.028125 0.0171875
6 0.8 0.5328125 0.01875 0.009375
6 0.7609375 0.50625 0.025 0.021875
6 0.7015625 0.56015625 0.028125 0.0203125
6 0.63671875 0.48515625 0.0359375 0.0203125
6 0.65078125 0.5546875 0.028125 0.0203125
6 0.62421875 0.5359375 0.040625 0.021875
6 0.5453125 0.4953125 0.03125 0.0203125
6 0.990625 0.62734375 0.01875 0.015625
6 0.91171875 0.63984375 0.025 0.015625
6 0.93203125 0.66640625 0.021875 0.0125
6 0.91328125 0.6921875 0.021875 0.009375
6 0.90859375 0.70234375 0.025 0.015625
3 0.86328125 0.6765625 0.021875 0.0125
6 0.8921875 0.73515625 0.028125 0.015625
3 0.8578125 0.7375 0.025 0.015625
6 0.796875 0.70859375 0.025 0.0171875
3 0.83125 0.64375 0.021875 0.0171875
3 0.81328125 0.62265625 0.028125 0.0203125
6 0.703125 0.63515625 0.025 0.0203125
6 0.60625 0.60390625 0.03125 0.021875
6 0.61484375 0.6703125 0.028125 0.0203125
6 0.4765625 0.59609375 0.03125 0.028125
6 0.2390625 0.60390625 0.046875 0.0328125
6 0.1296875 0.54765625 0.05 0.034375
6 0.17109375 0.64609375 0.046875 0.0328125
6 0.9890625 0.76640625 0.021875 0.0171875
6 0.92421875 0.8203125 0.028125 0.015625
3 0.91015625 0.8390625 0.021875 0.0125
6 0.8578125 0.82109375 0.025 0.0125
6 0.82890625 0.8265625 0.025 0.0171875
6 0.7609375 0.775 0.03125 0.0203125
6 0.69453125 0.81875 0.028125 0.0171875
6 0.57578125 0.69609375 0.0359375 0.021875
6 0.59921875 0.73125 0.03125 0.021875
6 0.5375 0.7171875 0.03125 0.025
6 0.4625 0.7265625 0.040625 0.021875
6 0.44609375 0.6984375 0.04375 0.028125
6 0.084375 0.7578125 0.053125 0.034375
6 0.0234375 0.90234375 0.040625 0.0390625
6 0.01796875 0.96640625 0.028125 0.0375
6 0.19453125 0.90859375 0.04375 0.0328125
6 0.215625 0.94140625 0.05 0.028125
6 0.3953125 0.94375 0.04375 0.028125
6 0.465625 0.94375 0.040625 0.028125
6 0.51171875 0.99453125 0.0359375 0.0109375
6 0.5234375 0.89765625 0.01875 0.0203125
6 0.56484375 0.9140625 0.0359375 0.021875
6 0.62578125 0.88125 0.0359375 0.021875
6 0.6796875 0.925 0.0359375 0.0203125
6 0.678125 0.87109375 0.03125 0.0234375
6 0.71796875 0.8515625 0.03125 0.0171875
6 0.7265625 0.90859375 0.021875 0.0125
6 0.77734375 0.8546875 0.028125 0.0203125
6 0.8328125 0.8703125 0.025 0.015625
6 0.81796875 0.9609375 0.025 0.0125
6 0.89375 0.9828125 0.025 0.015625
6 0.928125 0.8953125 0.021875 0.015625
6 0.95859375 0.86875 0.025 0.0125
6 0.94765625 0.9296875 0.01875 0.015625
3 0.97109375 0.9578125 0.021875 0.009375
3 0.9296875 0.99375 0.01875 0.0125
