3 0.90625 0.1296875 0.065625 0.0453125
3 0.6734375 0.02734375 0.065625 0.040625
3 0.68125 0.1484375 0.065625 0.0375
3 0.57109375 0.0421875 0.05625 0.034375
3 0.53046875 0.1640625 0.065625 0.0421875
3 0.434375 0.05625 0.0609375 0.0375
3 0.43671875 0.1625 0.040625 0.034375
3 0.38359375 0.2015625 0.05 0.0328125
3 0.2875 0.0640625 0.053125 0.0328125
3 0.2390625 0.09609375 0.0375 0.028125
3 0.25703125 0.21015625 0.05625 0.034375
3 0.1140625 0.1171875 0.05 0.0296875
3 0.13046875 0.2078125 0.05625 0.034375
3 0.06328125 0.2265625 0.04375 0.0328125
3 0.12265625 0.39375 0.040625 0.0171875
6 0.1078125 0.4703125 0.04375 0.0203125
6 0.09375 0.51640625 0.040625 0.021875
3 0.140625 0.45234375 0.04375 0.0296875
3 0.19765625 0.45625 0.04375 0.028125
6 0.29765625 0.4359375 0.040625 0.028125
3 0.34921875 0.47265625 0.04375 0.0203125
3 0.4 0.4515625 0.05 0.021875
3 0.4875 0.4546875 0.053125 0.0296875
3 0.5796875 0.43125 0.05625 0.0375
3 0.65546875 0.46640625 0.04375 0.0328125
3 0.83671875 0.475 0.040625 0.034375
3 0.92890625 0.49140625 0.06875 0.0421875
3 0.9125 0.46015625 0.04375 0.015625
6 0.440625 0.52109375 0.05 0.0328125
3 0.48359375 0.55234375 0.0609375 0.034375
3 0.38984375 0.56015625 0.053125 0.034375
3 0.38359375 0.5328125 0.05 0.025
3 0.20625 0.5234375 0.0375 0.0171875
3 0.22890625 0.5453125 0.05 0.0296875
3 0.1078125 0.5796875 0.04375 0.025
3 0.24921875 0.5875 0.05 0.0296875
3 0.2390625 0.63515625 0.0375 0.025
3 0.346875 0.6359375 0.05 0.0328125
3 0.52265625 0.61484375 0.040625 0.0296875
3 0.66953125 0.5609375 0.05625 0.028125
3 0.71875 0.59765625 0.05625 0.034375
3 0.7140625 0.64140625 0.05625 0.0328125
3 0.546875 0.64765625 0.05625 0.034375
3 0.9390625 0.6375 0.05625 0.0296875
3 0.15078125 0.61640625 0.040625 0.028125
3 0.12265625 0.65625 0.040625 0.0171875
3 0.06953125 0.64609375 0.0328125 0.021875
3 0.09609375 0.7140625 0.0375 0.021875
3 0.12890625 0.6875 0.028125 0.025
3 0.1734375 0.7171875 0.0375 0.0296875
3 0.2734375 0.7046875 0.040625 0.034375
3 0.25078125 0.72890625 0.04375 0.0125
3 0.37109375 0.6984375 0.040625 0.0328125
3 0.41875 0.72890625 0.053125 0.0328125
3 0.4265625 0.75390625 0.04375 0.0171875
3 0.52890625 0.74140625 0.053125 0.0328125
3 0.6671875 0.73359375 0.04375 0.0375
3 0.80234375 0.7671875 0.053125 0.034375
3 0.8734375 0.78359375 0.0328125 0.0234375
3 0.965625 0.8 0.053125 0.0359375
3 0.1 0.75859375 0.028125 0.0171875
