3 0.9140625 0.1078125 0.0671875 0.040625
3 0.78671875 0.1765625 0.0671875 0.046875
3 0.62734375 0.16640625 0.078125 0.053125
6 0.4515625 0.13515625 0.071875 0.05
3 0.85 0.47109375 0.0671875 0.0421875
6 0.696875 0.42734375 0.0671875 0.05
6 0.59921875 0.46875 0.0671875 0.046875
6 0.425 0.44375 0.078125 0.053125
6 0.93828125 0.73984375 0.0625 0.0453125
6 0.83671875 0.8203125 0.0625 0.05
3 0.71171875 0.80625 0.053125 0.0421875
3 0.575 0.70234375 0.071875 0.0453125
6 0.3765625 0.7921875 0.040625 0.05
