6 0.95859375 0.946875 0.071875 0.0875
6 0.8796875 0.84921875 0.0703125 0.1328125
3 0.83515625 0.76328125 0.0546875 0.11875
3 0.9078125 0.47578125 0.05 0.09375
6 0.7375 0.49765625 0.05 0.1109375
6 0.74140625 0.21875 0.0578125 0.09375
6 0.9171875 0.32265625 0.0453125 0.10625
6 0.97890625 0.27890625 0.0328125 0.0875
6 0.4390625 0.90078125 0.071875 0.128125
6 0.4828125 0.80546875 0.065625 0.096875
6 0.50234375 0.41171875 0.059375 0.10625
6 0.51875 0.21875 0.0625 0.09375
6 0.5140625 0.0640625 0.0578125 0.075
6 0.33984375 0.21875 0.0546875 0.1109375
6 0.36015625 0.484375 0.0546875 0.1015625
6 0.25234375 0.2171875 0.059375 0.115625
6 0.17890625 0.1375 0.0578125 0.0875
6 0.10625 0.31640625 0.0671875 0.1015625
6 0.0671875 0.67890625 0.065625 0.1015625
