3 0.13515625 0.43828125 0.06484375 0.10625
3 0.14140625 0.2984375 0.0578125 0.084375
6 0.21484375 0.27890625 0.05 0.07109375
3 0.2734375 0.340625 0.04765625 0.0796875
6 0.3046875 0.26328125 0.0453125 0.084375
3 0.23359375 0.19453125 0.05234375 0.09765625
6 0.12734375 0.621875 0.05 0.14609375
3 0.1921875 0.67890625 0.075 0.14609375
3 0.2625 0.78984375 0.075 0.1546875
6 0.36875 0.8671875 0.09765625 0.1859375
6 0.3703125 0.5109375 0.06484375 0.128125
6 0.36875 0.3453125 0.0625 0.08828125
3 0.36640625 0.175 0.0375 0.06640625
6 0.4609375 0.1859375 0.0421875 0.09765625
6 0.4421875 0.24140625 0.0296875 0.084375
6 0.50859375 0.18359375 0.0421875 0.084375
3 0.5703125 0.1328125 0.03984375 0.0796875
3 0.61875 0.20546875 0.0625 0.1109375
6 0.4625 0.446875 0.0546875 0.10625
6 0.4546875 0.621875 0.06484375 0.1015625
6 0.5609375 0.50625 0.0625 0.128125
3 0.48125 0.79609375 0.0421875 0.10625
3 0.43125 0.834375 0.0421875 0.1546875
6 0.61484375 0.90078125 0.08984375 0.1640625
6 0.6421875 0.5578125 0.0703125 0.12421875
6 0.7015625 0.7828125 0.05234375 0.15078125
6 0.67734375 0.4046875 0.05 0.09296875
6 0.75625 0.52421875 0.0578125 0.1109375
3 0.67734375 0.11953125 0.05 0.08828125
3 0.675 0.2390625 0.03984375 0.06171875
3 0.725 0.1484375 0.0453125 0.075
6 0.8171875 0.11484375 0.03515625 0.0796875
3 0.76015625 0.25234375 0.0453125 0.0796875
6 0.8375 0.5046875 0.0703125 0.0796875
3 0.88984375 0.7390625 0.0796875 0.12421875
