6 0.25234375 0.9046875 0.31875 0.1703125
6 0.3875 0.7390625 0.190625 0.103125
3 0.62421875 0.7 0.10625 0.065625
6 0.4890625 0.58984375 0.146875 0.084375
3 0.6484375 0.525 0.11875 0.034375
6 0.5796875 0.45390625 0.2125 0.1078125
6 0.58203125 0.3578125 0.18125 0.084375
3 0.86484375 0.32734375 0.084375 0.0453125
6 0.78984375 0.1359375 0.075 0.046875
6 0.82109375 0.0828125 0.1015625 0.0546875
6 0.68828125 0.2609375 0.084375 0.046875
6 0.584375 0.21875 0.140625 0.071875
6 0.5640625 0.04140625 0.1375 0.0671875
6 0.09296875 0.24765625 0.16875 0.134375
6 0.90078125 0.55859375 0.0578125 0.0328125
3 0.8671875 0.4046875 0.071875 0.0296875
3 0.95390625 0.2234375 0.0484375 0.0328125
