3 0.43828125 0.86484375 0.10625 0.065625
3 0.2984375 0.85859375 0.084375 0.0578125
6 0.27890625 0.78515625 0.071875 0.05
3 0.340625 0.7265625 0.0796875 0.046875
6 0.26328125 0.6953125 0.084375 0.0453125
3 0.19453125 0.76640625 0.096875 0.053125
6 0.621875 0.87265625 0.146875 0.05
3 0.67890625 0.8078125 0.146875 0.075
3 0.78984375 0.7375 0.1546875 0.075
6 0.8671875 0.63125 0.1859375 0.096875
6 0.5109375 0.6296875 0.128125 0.065625
6 0.3453125 0.63125 0.0875 0.0625
3 0.175 0.63359375 0.065625 0.0375
6 0.1859375 0.5390625 0.096875 0.0421875
6 0.24140625 0.5578125 0.084375 0.0296875
6 0.18359375 0.49140625 0.084375 0.0421875
3 0.1328125 0.4296875 0.0796875 0.040625
3 0.20546875 0.38125 0.1109375 0.0625
6 0.446875 0.5375 0.10625 0.0546875
6 0.621875 0.5453125 0.1015625 0.065625
6 0.50625 0.4390625 0.128125 0.0625
3 0.79609375 0.51875 0.10625 0.0421875
3 0.834375 0.56875 0.1546875 0.0421875
6 0.90078125 0.38515625 0.1640625 0.090625
6 0.5578125 0.3578125 0.125 0.0703125
6 0.7828125 0.2984375 0.15 0.053125
6 0.4046875 0.32265625 0.09375 0.05
6 0.52421875 0.24375 0.1109375 0.0578125
3 0.11953125 0.32265625 0.0875 0.05
3 0.2390625 0.325 0.0625 0.040625
3 0.1484375 0.275 0.075 0.0453125
6 0.11484375 0.1828125 0.0796875 0.034375
3 0.25234375 0.23984375 0.0796875 0.0453125
6 0.5046875 0.1625 0.0796875 0.0703125
3 0.7390625 0.11015625 0.125 0.0796875
