3 0.03671875 0.04609375 0.0734375 0.0578125
6 0.346875 0.04765625 0.09375 0.0546875
6 0.26328125 0.2421875 0.0796875 0.059375
6 0.06484375 0.28125 0.090625 0.0625
3 0.4703125 0.06015625 0.0875 0.05
6 0.878125 0.02109375 0.1296875 0.0421875
6 0.78203125 0.0953125 0.115625 0.0703125
3 0.71171875 0.1421875 0.109375 0.0546875
6 0.48671875 0.24765625 0.09375 0.0546875
6 0.13515625 0.49140625 0.0765625 0.0625
6 0.26640625 0.48359375 0.09375 0.0671875
6 0.4203125 0.5015625 0.09375 0.0625
6 0.921875 0.36484375 0.109375 0.0703125
6 0.746875 0.52109375 0.09375 0.071875
6 0.821875 0.575 0.109375 0.075
6 0.48359375 0.66015625 0.0875 0.0546875
6 0.26171875 0.68125 0.090625 0.0625
6 0.25703125 0.775 0.1 0.0609375
6 0.0796875 0.8546875 0.0734375 0.0453125
6 0.33828125 0.9359375 0.084375 0.0671875
6 0.63671875 0.96640625 0.0875 0.0625
