6 0.8453125 0.16484375 0.0546875 0.08984375
3 0.93515625 0.3 0.0453125 0.08203125
6 0.64375 0.196875 0.04765625 0.07109375
6 0.71015625 0.2921875 0.03515625 0.06015625
6 0.09140625 0.209375 0.0421875 0.075
3 0.1171875 0.27890625 0.0546875 0.09375
3 0.47734375 0.196875 0.06484375 0.10078125
3 0.1953125 0.2921875 0.0546875 0.08984375
3 0.02109375 0.2 0.0421875 0.06328125
3 0.3625 0.2453125 0.0453125 0.07109375
3 0.60234375 0.2171875 0.03515625 0.06015625
3 0.7265625 0.15390625 0.04765625 0.0671875
3 0.2375 0.23046875 0.03515625 0.06328125
