3 0.0421875 0.71875 0.0203125 0.06015625
6 0.09609375 0.728125 0.0421875 0.07109375
6 0.1734375 0.696875 0.0171875 0.0453125
6 0.26015625 0.753125 0.03984375 0.06015625
3 0.325 0.565625 0.025 0.0453125
6 0.35234375 0.58203125 0.03515625 0.0484375
3 0.3953125 0.5953125 0.0296875 0.0375
3 0.36875 0.66328125 0.0328125 0.05234375
6 0.32109375 0.6984375 0.0375 0.0484375
6 0.4140625 0.67421875 0.0375 0.06015625
6 0.4546875 0.6234375 0.03515625 0.06328125
6 0.54765625 0.59140625 0.0296875 0.0453125
6 0.50234375 0.6984375 0.03984375 0.06328125
6 0.5265625 0.771875 0.0421875 0.075
6 0.5984375 0.58046875 0.0375 0.06015625
3 0.5734375 0.9609375 0.04765625 0.07109375
6 0.56640625 0.4828125 0.02734375 0.0375
6 0.5109375 0.44765625 0.02265625 0.04140625
6 0.61484375 0.4890625 0.025 0.04140625
6 0.72734375 0.41171875 0.025 0.0375
6 0.7859375 0.4234375 0.0171875 0.0296875
6 0.9046875 0.5 0.025 0.03359375
