6 0.87109375 0.05234375 0.134375 0.0703125
6 0.85078125 0.17109375 0.1375 0.0828125
6 0.58671875 0.1890625 0.15 0.0875
6 0.246875 0.10390625 0.1375 0.078125
6 0.53984375 0.31484375 0.1640625 0.084375
6 0.1890625 0.29609375 0.1203125 0.078125
6 0.38671875 0.51640625 0.178125 0.0875
6 0.1 0.5296875 0.1640625 0.0796875
6 0.43359375 0.5984375 0.146875 0.078125
6 0.22421875 0.73359375 0.1640625 0.078125
6 0.68203125 0.8453125 0.15625 0.0796875
6 0.8203125 0.96875 0.1203125 0.0578125
6 0.578125 0.96484375 0.15 0.065625
6 0.378125 0.8359375 0.159375 0.078125
6 0.29140625 0.94375 0.1640625 0.0921875
6 0.0796875 0.8140625 0.15 0.0875
