6 0.68515625 0.0828125 0.075 0.0453125
6 0.71875 0.14609375 0.059375 0.0375
6 0.75078125 0.19765625 0.0484375 0.0296875
6 0.67578125 0.26640625 0.071875 0.046875
6 0.6875 0.41875 0.071875 0.046875
6 0.7546875 0.50625 0.13125 0.0828125
6 0.7625 0.60390625 0.0859375 0.0421875
6 0.678125 0.6953125 0.0453125 0.0296875
6 0.72265625 0.7609375 0.075 0.0421875
6 0.6703125 0.85234375 0.059375 0.0359375
6 0.6984375 0.9375 0.0625 0.0359375
6 0.709375 0.9703125 0.0484375 0.0203125
6 0.7640625 0.27890625 0.0375 0.028125
