6 0.34453125 0.3328125 0.1875 0.1203125
6 0.44375 0.1984375 0.1953125 0.1328125
6 0.54765625 0.06015625 0.103125 0.059375
6 0.74453125 0.1734375 0.0859375 0.0671875
6 0.78046875 0.07109375 0.06875 0.0328125
6 0.6390625 0.31484375 0.1125 0.0796875
6 0.8046875 0.3703125 0.075 0.0453125
6 0.5515625 0.4390625 0.109375 0.071875
6 0.54609375 0.63359375 0.11875 0.071875
6 0.6390625 0.4921875 0.078125 0.059375
6 0.58203125 0.75 0.075 0.059375
6 0.47578125 0.88359375 0.115625 0.071875
6 0.621875 0.95 0.078125 0.0546875
6 0.77890625 0.7609375 0.071875 0.0578125
6 0.83203125 0.64375 0.075 0.053125
6 0.784375 0.52265625 0.0546875 0.0296875
6 0.746875 0.46875 0.0625 0.0328125
6 0.82890625 0.85859375 0.075 0.0578125
