6 0.0828125 0.2609375 0.0453125 0.090625
6 0.16484375 0.3125 0.0453125 0.0859375
6 0.35234375 0.29609375 0.05 0.09375
6 0.3 0.2328125 0.0296875 0.05625
6 0.36875 0.23046875 0.028125 0.04375
6 0.4046875 0.27734375 0.0453125 0.065625
6 0.43125 0.24921875 0.0171875 0.05625
6 0.45390625 0.47109375 0.046875 0.0859375
6 0.47734375 0.26953125 0.0296875 0.05625
6 0.525 0.265625 0.0296875 0.065625
6 0.55859375 0.27578125 0.0421875 0.078125
6 0.6125 0.30234375 0.040625 0.0734375
6 0.6515625 0.33046875 0.046875 0.090625
6 0.7125 0.35078125 0.0546875 0.096875
6 0.7171875 0.21015625 0.0296875 0.06875
6 0.76640625 0.25703125 0.0421875 0.0734375
3 0.8078125 0.25703125 0.040625 0.05625
6 0.88125 0.234375 0.0421875 0.06875
6 0.9359375 0.253125 0.046875 0.08125
6 0.8390625 0.25078125 0.021875 0.04375
