3 0.94140625 0.48125 0.0921875 0.1375
3 0.9140625 0.11953125 0.0671875 0.096875
6 0.8546875 0.08828125 0.0546875 0.09375
6 0.69140625 0.04296875 0.0578125 0.0859375
3 0.77265625 0.1140625 0.0703125 0.109375
3 0.7375 0.28125 0.0453125 0.075
3 0.78515625 0.47578125 0.084375 0.128125
3 0.84375 0.63828125 0.1078125 0.109375
6 0.78984375 0.87421875 0.1296875 0.221875
3 0.6421875 0.65703125 0.140625 0.1609375
3 0.6765625 0.3765625 0.0921875 0.1234375
3 0.65625 0.13515625 0.071875 0.075
3 0.5625 0.15 0.065625 0.090625
6 0.5015625 0.1125 0.071875 0.096875
6 0.5125 0.3484375 0.090625 0.128125
3 0.43125 0.26015625 0.0625 0.1
3 0.37109375 0.11015625 0.078125 0.115625
3 0.26640625 0.10703125 0.0671875 0.078125
3 0.25625 0.265625 0.0625 0.090625
6 0.3203125 0.425 0.1 0.153125
3 0.36640625 0.66328125 0.0921875 0.128125
6 0.24765625 0.79375 0.1 0.1421875
6 0.17265625 0.49609375 0.090625 0.1375
3 0.13515625 0.14453125 0.059375 0.09375
3 0.025 0.0859375 0.05 0.075
6 0.0765625 0.31484375 0.071875 0.096875
