2 0.21393323529708294 0.18904715414454049 0.2508952845431476 0.2952928796736385
2 0.40629710108402756 0.13021170072262406 0.23831737210203657 0.2604234014452481
2 0.612117165598657 0.14060290383219054 0.24859049076370318 0.2812058076643811
2 0.1360302851087955 0.42222835227972944 0.2231215990577772 0.31491829544054106
2 0.32294523327083263 0.3294218551795145 0.265719202168055 0.3228025730349427
2 0.5067440348259715 0.31785370268535923 0.25810219180046234 0.3067039763542906
2 0.7580720889730086 0.30510063587419384 0.2625942021680549 0.32256577469461656
2 0.8934553484921294 0.4012508176131361 0.2130893030157413 0.3603025730349426
2 0.6598279530165267 0.48555957571101305 0.2951524239399994 0.3576278589277141
2 0.46175132945388775 0.5406768186620432 0.2767346146091661 0.34226296805592077
2 0.24721993774796186 0.5695159041445405 0.2889024239399993 0.357154262247062
2 0.3832721808207392 0.7762609663823137 0.3067146405281475 0.3833382539486923
2 0.6087410725266651 0.7465930867086753 0.3031986612633325 0.4141146572680402
2 0.8357437784643966 0.6625453603543846 0.30026915089573986 0.39837125809787716
