2 0.25234375 0.15546875 0.1859375 0.25
2 0.4546875 0.1390625 0.17890625 0.23125
2 0.6515625 0.19609375 0.18203125 0.26015625
2 0.10234375 0.35859375 0.18359375 0.271875
2 0.32109375 0.31796875 0.19375 0.27578125
2 0.5015625 0.3515625 0.19140625 0.25859375
2 0.74765625 0.4015625 0.19140625 0.27578125
2 0.890625 0.53671875 0.20859375 0.3109375
2 0.60625 0.5515625 0.215625 0.3046875
2 0.40078125 0.55546875 0.19921875 0.29375
2 0.1859375 0.53046875 0.20859375 0.30625
2 0.2640625 0.76328125 0.22109375 0.3296875
2 0.4890625 0.78984375 0.21015625 0.3625
2 0.73046875 0.76484375 0.21015625 0.346875
