7 0.12734375 0.49296875 0.025 0.009375
7 0.2828125 0.52734375 0.02109375 0.01484375
7 0.3734375 0.51640625 0.02265625 0.01171875
7 0.496875 0.52890625 0.01875 0.00859375
7 0.62265625 0.5453125 0.01953125 0.0078125
7 0.671875 0.54140625 0.01953125 0.009375
7 0.753125 0.51875 0.01953125 0.01015625
7 0.78671875 0.4390625 0.0234375 0.0109375
8 0.13828125 0.4078125 0.028125 0.01953125
8 0.184375 0.465625 0.01640625 0.0234375
8 0.28359375 0.45390625 0.01640625 0.0203125
8 0.309375 0.4640625 0.01953125 0.02109375
8 0.4390625 0.4515625 0.01953125 0.01640625
8 0.6046875 0.425 0.0171875 0.0234375
8 0.6359375 0.42265625 0.01015625 0.02578125
8 0.6984375 0.42421875 0.0140625 0.028125
8 0.76640625 0.4109375 0.0140625 0.021875
8 0.7796875 0.3625 0.0171875 0.01953125
8 0.80625 0.3890625 0.0140625 0.0203125
