7 0.12734375 0.50703125 0.025 0.009375
7 0.2828125 0.47265625 0.02109375 0.01484375
7 0.3734375 0.48359375 0.02265625 0.01171875
7 0.496875 0.47109375 0.01875 0.00859375
7 0.62265625 0.4546875 0.01953125 0.0078125
7 0.671875 0.45859375 0.01953125 0.009375
7 0.753125 0.48125 0.01953125 0.01015625
7 0.78671875 0.5609375 0.0234375 0.0109375
8 0.13828125 0.5921875 0.028125 0.01953125
8 0.184375 0.534375 0.01640625 0.0234375
8 0.28359375 0.54609375 0.01640625 0.0203125
8 0.309375 0.5359375 0.01953125 0.02109375
8 0.4390625 0.5484375 0.01953125 0.01640625
8 0.6046875 0.575 0.0171875 0.0234375
8 0.6359375 0.57734375 0.01015625 0.02578125
8 0.6984375 0.57578125 0.0140625 0.028125
8 0.76640625 0.5890625 0.0140625 0.021875
8 0.7796875 0.6375 0.0171875 0.01953125
8 0.80625 0.6109375 0.0140625 0.0203125
