1 0.93125 0.915625 0.1078125 0.159375
1 0.8078125 0.7953125 0.0703125 0.1125
1 0.69765625 0.740625 0.1296875 0.23125
1 0.50625 0.61328125 0.078125 0.1640625
1 0.6796875 0.240625 0.0453125 0.075
1 0.6015625 0.1109375 0.0375 0.059375
1 0.57734375 0.24609375 0.034375 0.0703125
1 0.50234375 0.1390625 0.0296875 0.04375
1 0.40859375 0.15234375 0.0375 0.0625
1 0.4359375 0.3734375 0.0375 0.065625
1 0.30859375 0.5609375 0.103125 0.159375
1 0.2453125 0.19140625 0.034375 0.0546875
2 0.15390625 0.3421875 0.0375 0.059375
2 0.3359375 0.19921875 0.0375 0.0625
2 0.55390625 0.4546875 0.046875 0.075