2 0.78671875 0.9796875 0.059375 0.034375
2 0.81484375 0.93359375 0.0703125 0.046875
2 0.8234375 0.87109375 0.053125 0.0328125
2 0.76640625 0.86640625 0.0734375 0.021875
2 0.61015625 0.9390625 0.059375 0.0328125
1 0.48828125 0.90859375 0.096875 0.0578125
0 0.378125 0.8546875 0.103125 0.059375
2 0.0484375 0.7171875 0.090625 0.084375
2 0.9546875 0.7171875 0.05 0.0296875
2 0.83828125 0.7046875 0.0703125 0.040625
2 0.796875 0.65390625 0.0734375 0.0328125
2 0.78359375 0.6203125 0.0734375 0.0296875
2 0.6234375 0.7390625 0.065625 0.0421875
1 0.46484375 0.66875 0.090625 0.046875
1 0.4703125 0.5859375 0.0875 0.0421875
2 0.7953125 0.50390625 0.05625 0.0328125
2 0.79296875 0.46875 0.059375 0.028125
1 0.74140625 0.41484375 0.096875 0.0296875
2 0.871875 0.32734375 0.090625 0.0453125
2 0.84140625 0.2453125 0.0625 0.034375
1 0.8453125 0.11640625 0.090625 0.053125
1 0.68984375 0.1296875 0.1125 0.05
2 0.95 0.71484375 0.040625 0.034375