1 0.16484375 0.1546875 0.090625 0.0546875
0 0.3 0.06484375 0.08125 0.0453125
1 0.196875 0.35625 0.071875 0.046875
1 0.2921875 0.28984375 0.059375 0.034375
1 0.209375 0.90859375 0.075 0.0421875
0 0.27890625 0.8828125 0.09375 0.0546875
0 0.196875 0.52265625 0.1 0.065625
2 0.2921875 0.8046875 0.090625 0.0546875
2 0.2 0.97890625 0.0625 0.0421875
2 0.2453125 0.6375 0.071875 0.0453125
2 0.2171875 0.39765625 0.059375 0.034375
2 0.15390625 0.2734375 0.0671875 0.046875
2 0.23046875 0.7625 0.0625 0.034375