1 0.99140625 0.35078125 0.0171875 0.0265625
1 0.88515625 0.37578125 0.0203125 0.03125
1 0.96640625 0.45078125 0.0375 0.065625
1 0.9046875 0.53984375 0.0296875 0.065625
1 0.79375 0.43984375 0.053125 0.096875
1 0.77109375 0.36875 0.021875 0.053125
1 0.7421875 0.33984375 0.0203125 0.040625
1 0.6765625 0.35546875 0.0125 0.0265625
1 0.7015625 0.39140625 0.0171875 0.0359375
1 0.6796875 0.47109375 0.034375 0.071875
1 0.64765625 0.4359375 0.0203125 0.053125
1 0.6015625 0.44921875 0.0578125 0.096875
1 0.54765625 0.6265625 0.065625 0.134375
0 0.55625 0.3796875 0.0125 0.021875
1 0.4046875 0.46875 0.025 0.065625
1 0.3578125 0.4046875 0.0203125 0.04375
1 0.3125 0.49765625 0.034375 0.071875
1 0.15234375 0.646875 0.159375 0.30625
1 0.06015625 0.73984375 0.059375 0.128125