1 0.26484375 0.0453125 0.096875 0.05
1 0.2453125 0.1078125 0.096875 0.059375
1 0.146875 0.275 0.0921875 0.0453125
1 0.34140625 0.2375 0.1046875 0.0453125
1 0.29921875 0.31484375 0.1 0.05
1 0.309375 0.39609375 0.1046875 0.0578125
1 0.23125 0.44609375 0.0921875 0.0578125
1 0.2828125 0.5109375 0.1 0.0578125
1 0.24921875 0.5703125 0.1046875 0.059375
1 0.27734375 0.6921875 0.0875 0.05
1 0.28515625 0.74609375 0.1046875 0.0421875
1 0.24921875 0.8375 0.1125 0.065625
1 0.23671875 0.9421875 0.1046875 0.059375
1 0.196875 0.34140625 0.0875 0.053125
1 0.38046875 0.98828125 0.0796875 0.0234375