1 0.421875 0.53515625 0.05 0.040625
1 0.48203125 0.78125 0.04375 0.0375
2 0.48984375 0.875 0.046875 0.040625
2 0.4453125 0.71640625 0.04375 0.0375
2 0.41015625 0.6546875 0.040625 0.034375
2 0.41484375 0.46875 0.05 0.0328125
2 0.40703125 0.36484375 0.046875 0.040625
2 0.39296875 0.44140625 0.040625 0.0328125
0 0.4015625 0.1984375 0.05 0.0421875
0 0.4015625 0.28125 0.05 0.0328125
0 0.55703125 0.2484375 0.046875 0.0328125
0 0.428125 0.61484375 0.05 0.040625
1 0.43828125 0.0703125 0.0296875 0.0203125
2 0.45703125 0.84140625 0.0265625 0.021875