1 0.23125 0.91875 0.15 0.0875
1 0.38828125 0.834375 0.2 0.140625
1 0.36171875 0.5984375 0.1 0.071875
1 0.21171875 0.5640625 0.08125 0.065625
1 0.28984375 0.54296875 0.109375 0.059375
1 0.26328125 0.46796875 0.1625 0.115625
1 0.26171875 0.3234375 0.1 0.06875
2 0.1234375 0.353125 0.0703125 0.046875
2 0.2015625 0.26171875 0.0734375 0.046875
1 0.2734375 0.1890625 0.11875 0.0703125
1 0.44140625 0.1140625 0.153125 0.1109375
1 0.23984375 0.115625 0.0796875 0.0546875
1 0.11875 0.14140625 0.0734375 0.053125