1 0.76796875 0.9171875 0.0671875 0.0453125
1 0.8859375 0.8140625 0.0484375 0.0328125
1 0.71875 0.74609375 0.059375 0.0421875
1 0.9140625 0.63125 0.0453125 0.0328125
1 0.85546875 0.5875 0.0625 0.040625
1 0.64609375 0.48359375 0.0859375 0.053125
1 0.91953125 0.54609375 0.05625 0.0375
1 0.91015625 0.4828125 0.053125 0.034375
1 0.7359375 0.3828125 0.071875 0.0453125
1 0.79375 0.3953125 0.053125 0.034375
2 0.925 0.5796875 0.0296875 0.025
2 0.90078125 0.40859375 0.040625 0.021875
1 0.9609375 0.40234375 0.034375 0.025
1 0.8671875 0.3359375 0.040625 0.0328125
2 0.97734375 0.37265625 0.0375 0.025
0 0.925 0.3046875 0.0453125 0.025
1 0.9453125 0.25234375 0.0484375 0.0296875
1 0.9421875 0.23359375 0.034375 0.0125
2 0.94921875 0.275 0.034375 0.0203125
2 0.94375 0.1203125 0.0375 0.0296875
1 0.90234375 0.04765625 0.0453125 0.0296875