1 0.978125 0.94765625 0.04375 0.0546875
1 0.93984375 0.6765625 0.0765625 0.053125
1 0.8296875 0.74375 0.084375 0.053125
2 0.9359375 0.57734375 0.06875 0.0453125
1 0.81328125 0.6546875 0.109375 0.065625
1 0.30390625 0.9375 0.3078125 0.1203125
2 0.79296875 0.41015625 0.06875 0.034375
2 0.73828125 0.4484375 0.084375 0.0578125
1 0.58203125 0.50625 0.1171875 0.071875
1 0.8625 0.3125 0.1 0.0546875
1 0.80390625 0.17265625 0.084375 0.0453125
1 0.5234375 0.22109375 0.103125 0.071875
1 0.6484375 0.06640625 0.08125 0.0578125