1 0.275 0.21015625 0.153125 0.1
2 0.47734375 0.16640625 0.115625 0.078125
2 0.44375 0.55390625 0.115625 0.078125
1 0.30546875 0.47890625 0.146875 0.103125
1 0.4546875 0.0421875 0.0859375 0.059375
1 0.37265625 0.8140625 0.153125 0.0828125
1 0.49453125 0.925 0.090625 0.0546875
1 0.41796875 0.73515625 0.1 0.0453125
1 0.4703125 0.6484375 0.078125 0.053125
1 0.5109375 0.60859375 0.109375 0.0578125
1 0.51484375 0.4828125 0.09375 0.059375
1 0.51484375 0.4328125 0.071875 0.040625
1 0.60859375 0.3875 0.05625 0.0296875
1 0.64453125 0.2734375 0.053125 0.0421875
2 0.509375 0.70234375 0.075 0.040625
1 0.58984375 0.8796875 0.05625 0.034375
1 0.6140625 0.62734375 0.0671875 0.0453125
2 0.66328125 0.52890625 0.053125 0.0328125
1 0.68515625 0.48515625 0.0375 0.015625
1 0.690625 0.35859375 0.034375 0.0171875
1 0.66640625 0.5765625 0.0375 0.021875
1 0.70390625 0.74765625 0.0296875 0.0203125
1 0.63125 0.31484375 0.0484375 0.034375
1 0.575 0.42265625 0.05625 0.0296875
1 0.6875 0.0859375 0.040625 0.021875
1 0.696875 0.04140625 0.0453125 0.021875
1 0.65390625 0.21875 0.034375 0.0171875
1 0.7 0.0625 0.0375 0.0203125