1 0.43828125 0.10859375 0.171875 0.1125
1 0.18515625 0.20390625 0.1984375 0.121875
1 0.528125 0.31484375 0.1046875 0.065625
1 0.52421875 0.2375 0.0671875 0.05
1 0.65546875 0.30390625 0.075 0.046875
1 0.6234375 0.4171875 0.09375 0.0453125
1 0.65703125 0.3796875 0.0484375 0.0296875
1 0.5015625 0.47734375 0.11875 0.0703125
1 0.61015625 0.62109375 0.11875 0.0671875
1 0.65390625 0.77265625 0.09375 0.05
1 0.40234375 0.7609375 0.1375 0.0921875
1 0.11640625 0.85859375 0.203125 0.1484375
1 0.6234375 0.88984375 0.071875 0.040625
1 0.546875 0.9515625 0.0671875 0.0484375
1 0.290625 0.95859375 0.2125 0.0828125
1 0.58203125 0.6859375 0.071875 0.0421875
1 0.64765625 0.95390625 0.0453125 0.0375