1 0.89609375 0.26484375 0.0625 0.025
1 0.853125 0.23515625 0.06875 0.040625
1 0.36875 0.1625 0.140625 0.0796875
1 0.4796875 0.3359375 0.1265625 0.0625
1 0.68984375 0.4171875 0.1125 0.0546875
1 0.96796875 0.4 0.0359375 0.0203125
1 0.95 0.45625 0.0453125 0.0171875
1 0.92109375 0.5546875 0.05 0.0296875
1 0.75078125 0.54140625 0.109375 0.053125
1 0.5765625 0.56875 0.121875 0.0625
1 0.75546875 0.6515625 0.109375 0.0578125
2 0.87578125 0.74765625 0.059375 0.0296875
1 0.84375 0.81015625 0.0765625 0.0359375
1 0.9546875 0.7859375 0.0546875 0.028125
1 0.96171875 0.85 0.059375 0.034375
1 0.93671875 0.8984375 0.0453125 0.0328125