1 0.7546875 0.02109375 0.065625 0.0328125
1 0.89140625 0.1328125 0.128125 0.059375
1 0.67734375 0.25859375 0.071875 0.021875
0 0.675 0.37109375 0.0578125 0.028125
1 0.8515625 0.40625 0.09375 0.0328125
1 0.834375 0.51484375 0.084375 0.025
1 0.771875 0.50390625 0.065625 0.028125
1 0.77421875 0.6546875 0.071875 0.034375
1 0.765625 0.70390625 0.071875 0.0328125
1 0.70390625 0.76875 0.04375 0.0171875
1 0.75625 0.81640625 0.071875 0.0375
1 0.73046875 0.88984375 0.0625 0.0296875
1 0.728125 0.925 0.065625 0.025