1 0.61640625 0.4640625 0.0578125 0.1203125
1 0.61875 0.2578125 0.078125 0.071875
1 0.3546875 0.6734375 0.059375 0.15625
1 0.42265625 0.52890625 0.040625 0.134375
1 0.3046875 0.26015625 0.025 0.05
0 0.7359375 0.23984375 0.0328125 0.053125
2 0.9171875 0.2359375 0.0203125 0.0359375
2 0.4921875 0.215625 0.025 0.0578125
2 0.24765625 0.19765625 0.0203125 0.0578125
2 0.4234375 0.3953125 0.0375 0.0625
1 0.10859375 0.33984375 0.028125 0.040625
2 0.06640625 0.36875 0.0375 0.071875
2 0.0609375 0.49140625 0.028125 0.103125
2 0.03515625 0.36015625 0.0296875 0.053125