2 0.16015625 0.1484375 0.2125 0.1171875
2 0.41328125 0.0640625 0.1421875 0.103125
1 0.61328125 0.04375 0.096875 0.0828125
1 0.63125 0.13984375 0.16875 0.090625
1 0.65546875 0.2078125 0.084375 0.040625
2 0.5890625 0.2734375 0.1734375 0.0921875
1 0.321875 0.34375 0.190625 0.1125
1 0.353125 0.4421875 0.146875 0.084375
1 0.3625 0.5859375 0.2265625 0.1328125
1 0.5578125 0.49609375 0.146875 0.0421875
2 0.63984375 0.3578125 0.134375 0.065625
0 0.6890625 0.45234375 0.125 0.0703125
2 0.7203125 0.58125 0.115625 0.0625
2 0.81796875 0.21015625 0.096875 0.0546875
1 0.79765625 0.17265625 0.084375 0.034375
1 0.8640625 0.12109375 0.075 0.0421875
1 0.79296875 0.02890625 0.1203125 0.0578125
0 0.80234375 0.07265625 0.075 0.034375
1 0.9578125 0.19375 0.05 0.028125
1 0.88203125 0.24375 0.05 0.021875
1 0.8109375 0.2625 0.084375 0.0453125
1 0.68203125 0.41015625 0.103125 0.040625
1 0.78671875 0.37890625 0.0625 0.0375
1 0.8375 0.33359375 0.0578125 0.0375
1 0.846875 0.3765625 0.0578125 0.0421875
1 0.946875 0.3328125 0.053125 0.025
1 0.93984375 0.29140625 0.040625 0.0125
1 0.921875 0.39375 0.05 0.021875
1 0.88671875 0.41015625 0.05 0.0296875
2 0.878125 0.47890625 0.075 0.0375
1 0.79296875 0.5109375 0.09375 0.0421875
1 0.721875 0.50390625 0.084375 0.0421875
1 0.95078125 0.51640625 0.053125 0.0125
1 0.9421875 0.57734375 0.04375 0.0203125
1 0.96015625 0.6359375 0.053125 0.028125
0 0.83359375 0.6546875 0.075 0.0453125
2 0.73125 0.625 0.09375 0.025
1 0.62421875 0.67890625 0.103125 0.0625
1 0.821875 0.6859375 0.071875 0.028125
2 0.9421875 0.69765625 0.04375 0.0203125
1 0.478125 0.68125 0.075 0.028125
1 0.42421875 0.74765625 0.1734375 0.0796875
1 0.2265625 0.81640625 0.25 0.1234375
1 0.7203125 0.84765625 0.115625 0.0609375
2 0.68203125 0.9546875 0.103125 0.025
1 0.73984375 0.8953125 0.103125 0.034375
1 0.6421875 0.7390625 0.075 0.053125
1 0.7890625 0.79609375 0.084375 0.0484375
1 0.8890625 0.7796875 0.0890625 0.0453125
0 0.91328125 0.82734375 0.084375 0.0296875
1 0.8734375 0.9125 0.0578125 0.0203125