1 0.58984375 0.9546875 0.121875 0.0859375
1 0.425 0.91484375 0.059375 0.040625
1 0.390625 0.87890625 0.04375 0.028125
1 0.346875 0.8296875 0.0296875 0.025
1 0.35859375 0.97890625 0.0265625 0.0234375
1 0.4265625 0.80390625 0.04375 0.0375
1 0.35859375 0.76640625 0.040625 0.028125
1 0.5265625 0.71484375 0.1625 0.115625
1 0.35234375 0.71015625 0.0265625 0.025
1 0.365625 0.6234375 0.0203125 0.0171875
1 0.3890625 0.6015625 0.034375 0.028125
1 0.4515625 0.55859375 0.059375 0.0421875
1 0.4421875 0.45859375 0.0875 0.0625
1 0.3984375 0.49375 0.046875 0.021875
1 0.38046875 0.55625 0.0234375 0.0171875
1 0.35078125 0.41640625 0.0296875 0.028125
1 0.3921875 0.3 0.0265625 0.025
1 0.34375 0.3015625 0.0234375 0.0171875
1 0.43828125 0.2546875 0.034375 0.025
1 0.36015625 0.2734375 0.015625 0.0171875
1 0.396875 0.225 0.0296875 0.0203125
1 0.44375 0.1765625 0.0625 0.046875
1 0.3984375 0.11015625 0.034375 0.025
1 0.45859375 0.0140625 0.065625 0.021875
1 0.38515625 0.03984375 0.034375 0.0296875
2 0.34921875 0.4578125 0.0203125 0.015625