1 0.31328125 0.9171875 0.103125 0.05
1 0.3734375 0.83515625 0.0890625 0.0453125
1 0.34921875 0.65 0.1109375 0.0546875
1 0.32421875 0.59609375 0.0796875 0.0421875
1 0.56015625 0.5484375 0.096875 0.053125
1 0.3109375 0.475 0.0796875 0.0296875
1 0.321875 0.43984375 0.09375 0.0453125
1 0.35546875 0.3890625 0.0796875 0.0421875
1 0.39140625 0.3515625 0.0890625 0.0421875
1 0.41328125 0.2890625 0.10625 0.0578125
1 0.3 0.23515625 0.075 0.034375
2 0.3 0.19375 0.065625 0.0375
1 0.2796875 0.11875 0.0890625 0.0421875
1 0.30234375 0.0625 0.096875 0.05
1 0.278125 0.70234375 0.075 0.034375
1 0.321875 0.525 0.065625 0.034375
1 0.278125 0.63359375 0.065625 0.0375
1 0.29765625 0.1625 0.053125 0.025