1 0.2234375 0.65390625 0.2078125 0.1125
1 0.86953125 0.47109375 0.09375 0.0421875
2 0.878125 0.26640625 0.1015625 0.0625
1 0.62421875 0.36875 0.10625 0.053125
2 0.93828125 0.71875 0.034375 0.0171875
2 0.925 0.66640625 0.034375 0.0171875
2 0.95390625 0.57734375 0.03125 0.0203125
1 0.81640625 0.18359375 0.040625 0.028125
1 0.93828125 0.31875 0.04375 0.021875
2 0.95546875 0.4109375 0.04375 0.0171875
2 0.98671875 0.38359375 0.0265625 0.0125
1 0.8875 0.62890625 0.0484375 0.021875
1 0.82109375 0.63125 0.1015625 0.0375