2 0.3 0.12265625 0.134375 0.065625
2 0.4234375 0.1859375 0.1046875 0.0625
2 0.59765625 0.19140625 0.1375 0.0671875
2 0.27109375 0.24765625 0.134375 0.059375
2 0.54765625 0.33515625 0.1625 0.075
1 0.57890625 0.4453125 0.1953125 0.090625
2 0.3046875 0.53984375 0.134375 0.0546875
2 0.6640625 0.60625 0.15625 0.0828125
2 0.4953125 0.6203125 0.134375 0.065625
1 0.640625 0.8828125 0.1859375 0.0796875
2 0.3546875 0.96015625 0.11875 0.0546875
2 0.15234375 0.6921875 0.1046875 0.0546875
2 0.20234375 0.87890625 0.08125 0.0421875
2 0.2765625 0.4828125 0.0953125 0.0546875